77777777777777777777777777
77777777777777777777777777
77777777777777777777777777
77777777777777777777777777
77777777777777777777777777
77777777777777777777777777
77777777777777777777777777
77777777777777777777777777
77777777777777777777777777
77777777777777777777777777
77777777777777777777777777
77777777777777777777777777
77777777777777777777777777
77777777777777777777777777
77777777777777777777777777
77777777777777777777777777
77777777777777777777777777
77777777777777777777777777
77777777777777777777777777
77777777777777777777777777
77777777777777777777777777
xxxxxxxxxxxxxxxxxxxxxxxxxx
77777777777777777777777777
77777777777777777777777777
77777777777777777777777777
77777777777777777777777777
77777777777777777777777777
77777777777777777777777777
77777777777777777777777777
77777777777777777777777777
33333333333333333333333333
77777777777777777777777777
77777777777777777777777777
77777777777777777777777777
77777777777777777777777777
77777777777777777777777777
77777777777777777777777777
77777777777777777777777777
22222222222222222222222222
77777777777777777777777777
77777777777777777777777777
77777777777777777777777777
22222222222222222222222222
77777777777777777777777777
77777777777777777777777777
77777777777777777777777777
77777777777777777777777777
77777777777777777777777777
77777777777777777777777777
77777777777777777777777777
77777777777777777777777777
77777777777777777777777777
77777777777777777777777777
77777777777777777777777777
77777777777777777777777777
77777777777777777777777777
22222222222222222222222222
77777777777777777777777777
77777777777777777777777777
77777777777777777777777777
77777777777777777777777777
77777777777777777777777777
77777777777777777777777777
11111111111111111111111111